image_width: 640
image_height: 480
camera_name: camera_link
camera_matrix:
  rows: 3
  cols: 3
  data: [647.7905487286814, 0, 331.6503953465167, 0, 670.5179683422405, 375.5389528866497, 0, 0, 1]
distortion_model: plumb_bob
distortion_coefficients:
  rows: 1
  cols: 5
  data: [-0.01772994278479036, -0.06346790568793576, 0.03893021646360594, -0.004533447118046555, 0]
rectification_matrix:
  rows: 3
  cols: 3
  data: [1, 0, 0, 0, 1, 0, 0, 0, 1]
projection_matrix:
  rows: 3
  cols: 4
  data: [648.4348754882812, 0, 329.1990787965915, 0, 0, 632.207763671875, 387.9049075279036, 0, 0, 0, 1, 0]